tree
version=v4
num_class=1
num_tree_per_iteration=1
label_index=0
max_feature_idx=33
objective=binary sigmoid:1
feature_names=Column_0 Column_1 Column_2 Column_3 Column_4 Column_5 Column_6 Column_7 Column_8 Column_9 Column_10 Column_11 Column_12 Column_13 Column_14 Column_15 Column_16 Column_17 Column_18 Column_19 Column_20 Column_21 Column_22 Column_23 Column_24 Column_25 Column_26 Column_27 Column_28 Column_29 Column_30 Column_31 Column_32 Column_33
feature_infos=[0.0024999999441206455:0.60100001096725464] [0.20000000298023224:1] [0.3333333432674408:0.86981260776519775] [0:0.60350000858306885] [0.20000000298023224:1] [0.3333333432674408:0.86981260776519775] [0.0024999999441206455:0.4205000102519989] [0.66666668653488159:1] [0.014340083114802837:0.87384599447250366] [0.004999999888241291:0.40000000596046448] [0.26038503646850586:0.96886217594146729] [0:1] [0:1] [0:1] [0:0.89249998331069946] [0:0.37799999117851257] [0.0024999999441206455:1] [0:1] [-1:1] [0.02500000037252903:0.89999997615814209] [0:0.80000001192092896] [0:1] [0:0.66949999332427979] [0:0.22499999403953552] [0.004999999888241291:1] [-0.059617023915052414:0.089954808354377747] [0.004999999888241291:1] [0:1] [0:1] [0:0.35550001263618469] [0.0052935900166630745:1] [0:1] [0:1] [0:1]
tree_sizes=3465 3487 3507 3501 3496 3526

Tree=0
num_leaves=31
num_cat=0
split_feature=21 8 0 0 0 8 33 1 11 8 22 11 22 21 33 8 25 11 1 33 25 11 25 1 25 26 11 0 8 25
split_gain=3.55759e+06 521368 360569 188357 167688 145382 55606 55541.5 45861.5 35687.8 27536.6 26274.5 26239.3 18070.4 16192.2 14384.2 16775.9 13054 11767.8 11483.2 17962.2 11078.1 13013.5 10422.3 9865.94 9198.71 7782.71 7689.56 6833.81 6680.16
threshold=1.0000000180025095e-35 0.27628357708454138 0.0027499999850988392 0.0027499999850988392 0.0027499999850988392 0.14563529193401339 1.0000000180025095e-35 0.5000000149011613 0.98750001192092907 0.06392937153577806 0.03024999983608723 0.46249999105930334 0.020250000059604648 0.037500000558793552 1.0000000180025095e-35 0.33351993560791021 0.001031528343446553 0.56250000000000011 0.30000000447034841 1.0000000180025095e-35 0.0022278296528384094 0.78749999403953563 0.0021596655715256934 0.30000000447034841 0.0018776946235448124 0.037499999627470977 0.51249998807907116 0.0072500000242143878 0.10401100665330888 0.0024302587844431405
decision_type=2 2 2 2 2 2 2 2 2 2 2 2 2 2 2 2 2 2 2 2 2 2 2 2 2 2 2 2 2 2
left_child=2 4 7 23 18 13 12 -1 15 -4 17 -11 21 14 -6 16 -5 24 -2 20 -9 22 -7 -3 -8 -16 -17 -13 -27 -12
right_child=1 3 9 8 5 6 10 19 -10 11 29 27 -14 -15 25 26 -18 -19 -20 -21 -22 -23 -24 -25 -26 28 -28 -29 -30 -31
leaf_value=-2.9019217872667018 -2.3499376356230779 -2.8082807186409751 -2.4008193234774531 -2.4956491125134654 -2.0886362913236556 -2.2962261268434139 -2.5668106837175428 -2.2216194582968654 -2.2984382213198229 -2.9970895980445196 -2.2719875954404287 -2.6185335739560234 -2.1519141857808375 -2.0338978752091745 -2.1237812838002075 -2.9221311157959549 -2.8415983419766602 -2.3996066417662822 -1.9591197313125619 -2.1633658053138456 -2.6450506194460517 -2.1564421999786587 -2.6352595044097309 -2.0720319040300219 -2.8662031193223605 -2.2536150219585802 -2.6716619379209643 -2.8644376923140964 -2.4733970184383023 -2.5027025814970383
leaf_weight=410.02268621325493 196.09977179765701 49.931973785161972 264.0362800359726 618.82086250185966 3666.0316619873047 483.94557312130928 409.11564853787422 628.97958239912987 470.70294293761253 23972.154943525791 656.91609188914299 516.55329245328903 2217.868438243866 6044.2628802657127 883.67345097661018 2299.6826012134552 808.11793157458305 297.46031615138054 13117.006400763988 1198.9568939507008 416.59864372014999 306.03174024820328 682.76644650101662 1328.5260453224182 840.45353442430496 1098.5487384498119 358.41270264983177 826.93879479169846 523.53741496801376 602.99319833517075
leaf_count=7901 1721 873 2573 7147 13994 3755 5278 3989 3672 505292 4795 7172 11132 16787 3962 45198 14646 2892 17796 6278 5994 1561 9697 4651 15625 7636 5338 15346 5825 7045
internal_value=-2.49641 -2.18029 -2.92144 -2.61077 -2.10053 -2.19704 -2.38815 -2.36679 -2.76574 -2.979 -2.5559 -2.98503 -2.26058 -2.0954 -2.15564 -2.8196 -2.69155 -2.69726 -1.96487 -2.26904 -2.39028 -2.42427 -2.49458 -2.09869 -2.76815 -2.25369 -2.88835 -2.76987 -2.32451 -2.38236
internal_weight=66195.1 37960.9 28234.2 5934.2 32026.7 18713.6 6497.55 2654.56 4555.74 25579.7 2806.94 25315.6 3690.61 12216.1 6171.79 4085.03 1426.94 1547.03 13313.1 2244.54 1045.58 1472.74 1166.71 1378.46 1249.57 2505.76 2658.1 1343.49 1622.09 1259.91
internal_count=765571 211026 554545 81525 129501 109984 61780 24162 76001 530383 35635 527810 26145 48204 31417 72329 21793 23795 19517 16261 9983 15013 13452 5524 20903 17423 50536 22518 13461 11840
is_linear=0
shrinkage=1


Tree=1
num_leaves=31
num_cat=0
split_feature=21 0 8 0 8 11 1 8 11 1 21 1 25 0 8 22 32 11 0 1 25 30 8 25 0 0 1 0 3 11
split_gain=811199 158264 63731.5 32047.7 21948.8 17062.3 14920.5 17526.4 14399.6 13292.2 10579.6 8768.39 8667.72 7597.98 10863.5 7841.18 6187.13 5508.63 5361.66 28446.9 5261.45 4157.85 4003.91 3943.21 3763.26 3628.34 3725.12 4932.37 3514.06 3244.19
threshold=1.0000000180025095e-35 0.0027499999850988392 0.30601163208484655 0.0037500001490116124 0.072667650878429427 0.36249999701976782 0.70000001788139354 0.16738745570182803 0.53749999403953563 0.30000000447034841 0.062500001862645163 0.70000001788139354 0.001423655776306987 0.0047499998472630986 0.18550575524568561 0.025249999947845939 1.0000000180025095e-35 0.46249999105930334 0.0037500001490116124 0.70000001788139354 0.005962138297036291 0.18365026265382769 0.11390066891908647 0.00021756425849162045 0.0027499999850988392 0.0027499999850988392 0.90000000596046459 0.0037500001490116124 0.0037500001490116124 0.36249999701976782
decision_type=2 2 2 2 2 2 2 2 2 2 2 2 2 2 2 2 2 2 2 2 2 2 2 2 2 2 2 2 2 2
left_child=1 9 6 11 28 18 7 17 23 -1 12 -4 -9 25 -15 -16 -7 20 19 -6 -2 -20 -22 -5 -13 -8 27 -27 -3 -14
right_child=2 4 3 8 5 16 13 10 -10 -11 -12 24 29 14 15 -17 -18 -19 21 -21 22 -23 -24 -25 -26 26 -28 -29 -30 -31
leaf_value=0.025765658744740367 0.37120626479823993 0.43075951081682756 0.15795231312853994 0.14599341397466969 -0.014497105156469167 0.055096067405110596 0.40035929218901067 0.30009465030643151 0.28811632585299224 0.35439299893253101 0.38519820894408463 0.3788918031409394 0.10257411840997155 0.38750712314003632 0.1947272470052428 0.34740671869916229 0.22056888169283001 0.41072026407007656 0.018747240724712406 0.52874880760851961 0.31986198644457425 -0.027872985067023921 0.17170687890099698 0.02508870937575107 0.62735051865942704 0.47030831572060683 0.47919494444825583 0.32111725127451202 0.20328562961231161 0.2519470592160557
leaf_weight=331.12870822846889 6281.231158092618 257.77259403839707 462.37227634340525 1070.0709457844496 1368.4769676476717 1119.5403464362025 30903.712417192757 1593.0829022750258 1022.0643617734313 4352.0686321109533 1224.053384795785 1909.4312850683928 1390.9742325209081 12620.881880141795 1370.2449734658003 2178.9732931628823 1140.3540350086987 5272.7572019770741 7228.6675042212009 292.38445123657584 2071.8961077481508 14132.881101924926 585.23744273930788 1823.5767714604735 165.82649675011635 1096.3781833127141 3209.0492955371737 1122.5339121669531 498.20398414880037 492.14871098846197
leaf_count=6216 14819 1611 5651 16329 29224 19220 17530 8484 7840 17946 4819 3433 17083 27189 14119 10259 15783 6068 149803 3225 6750 305401 4393 34064 585 867 2421 4681 6116 3642
internal_value=0.281138 0.0635687 0.366978 0.216496 0.0154394 0.00750079 0.380576 0.342488 0.126792 0.331158 0.258779 0.354903 0.214255 0.394295 0.365771 0.288469 0.138601 0.370172 -0.00536859 0.0811641 0.346248 -0.0120969 0.287238 0.0698028 0.398775 0.406989 0.444724 0.394851 0.280896 0.141624
internal_weight=108588 30721.5 77866.5 6453.34 26038.3 25282.3 71413.2 18911.4 3915.71 4683.2 4700.26 2537.63 3476.21 52501.8 16170.1 3549.22 2259.89 14211.1 23022.4 1660.86 8938.36 21361.5 2657.13 2893.65 2075.26 36331.7 5427.96 2218.91 755.977 1883.12
internal_count=765571 554545 211026 67902 530383 522656 143124 66058 58233 24162 34028 9669 29209 77066 51567 24378 35003 32030 487653 32449 25962 455204 11143 50393 4018 25499 7969 5548 7727 20725
is_linear=0
shrinkage=0.05


Tree=2
num_leaves=31
num_cat=0
split_feature=21 0 8 8 0 11 0 8 21 25 1 11 1 30 11 9 33 32 0 4 33 11 1 11 20 0 1 32 33 25
split_gain=423972 101415 28918 15047.8 13670.5 13617.5 7379.45 13124.5 7791.22 10112.6 6756.58 5199.79 5086.94 4771.95 4431.86 3565.15 4614.34 4842.72 3467.92 3400 3844.56 3287.12 2708.94 3008.94 2639.26 2626.18 10479.2 2584.33 2507.81 2265.92
threshold=1.0000000180025095e-35 0.0027499999850988392 0.32074852287769323 0.072667650878429427 0.0057500000111758718 0.43750000000000006 0.0037500001490116124 0.20018469542264941 0.062500001862645163 0.001423655776306987 0.30000000447034841 0.33749999105930334 0.70000001788139354 0.31021194159984594 0.48749999701976782 0.042500000447034843 1.0000000180025095e-35 1.0000000180025095e-35 0.0097499997355043905 0.30000000447034841 1.0000000180025095e-35 0.51249998807907116 0.70000001788139354 0.38750000298023229 0.037500000558793552 0.0037500001490116124 0.70000001788139354 1.0000000180025095e-35 1.0000000180025095e-35 0.0047683389857411393
decision_type=2 2 2 2 2 2 2 2 2 2 2 2 2 2 2 2 2 2 2 2 2 2 2 2 2 2 2 2 2 2
left_child=1 10 6 28 12 13 22 15 9 -9 -1 -6 14 19 -4 -8 -17 21 24 20 -5 29 23 -2 -7 26 -21 -27 -3 -18
right_child=2 3 4 5 11 18 7 8 -10 -11 -12 -13 -14 -15 -16 16 17 -19 -20 25 -22 -23 -24 -25 -26 27 -28 -29 -30 -31
leaf_value=0.023905542814771683 0.2179785339854898 0.030936097569774869 0.038369576176918198 -0.041649122311598931 0.035805687377808926 0.32202098206648549 0.27931632184301042 0.23257364839194128 0.27799012650652916 0.10145326415310492 0.25369038295184093 0.1710062013828833 0.26282044534011734 -0.029536987112891586 0.26674966469492495 0.26680920239330752 0.16766256667371607 0.26729718211299275 0.062739630549803707 -0.009595166861564924 0.18437753786548525 0.26205658795466286 0.28763826981099533 0.28906298210225584 0.14574384452685943 -0.021058155798103339 0.32763007855973458 0.026590174918880622 0.24538311265111321 0.044285025219232076
leaf_weight=338.84986364096403 3129.1697913520038 164.58694714307785 555.47323782742023 276.90107244998217 1936.5879712700844 297.76010311767459 24499.331125114113 2990.1089538447559 2221.982666965574 2893.8898628614843 5729.0720437243581 1123.8445344306529 2734.4090174660087 10118.732897035778 343.91001772880554 7383.0462583079934 784.90329394489527 1390.6885500773787 913.53754277899861 862.90102978795767 586.55658540129662 459.9239291138947 46051.47051525861 2844.0271617658436 740.96343464776874 5883.2204435504973 314.17004305124283 5511.5829836167395 794.89081731438637 707.77475465089083
leaf_count=6216 11224 2274 8784 6070 33439 2278 32801 13177 7696 29314 17946 10006 7874 222557 1684 15187 4854 3168 13886 18517 10142 1424 20449 3125 8268 126094 2099 112745 5453 6820
internal_value=0.213671 0.0564967 0.263779 0.0142264 0.163319 0.00691363 0.270831 0.255587 0.198217 0.168088 0.240859 0.0854577 0.228891 -0.00360454 0.125718 0.268788 0.244738 0.19599 0.133809 0.0159264 0.111897 0.145192 0.283527 0.251828 0.196302 0.00933413 0.0804332 0.00198902 0.208604 0.109168
internal_weight=134584 32533.7 102051 26465.8 6694.22 25506.3 95356.3 43331.6 8105.98 5884 6067.92 3060.43 3633.79 23554.1 899.383 35225.7 10726.3 3343.29 1952.26 13435.3 863.458 1952.6 52024.7 5973.2 1038.72 12571.9 1177.07 11394.8 959.478 1492.68
internal_count=765571 554545 211026 530383 61787 522656 149239 114441 50187 42491 24162 43445 18342 498224 10468 64254 31453 16266 24432 275667 16212 13098 34798 14349 10546 259455 20616 238839 7727 11674
is_linear=0
shrinkage=0.05


Tree=3
num_leaves=31
num_cat=0
split_feature=21 0 8 11 8 0 0 8 21 25 1 30 32 4 11 15 29 26 1 25 20 11 25 11 1 11 11 32 9 8
split_gain=269027 72419.5 18012.2 11911.5 9851.32 7113.61 6031.82 9737.99 5096.09 6752.23 4717.03 4525.77 3959.6 3102.25 3066.48 2705.05 4000.26 3292.04 2392.17 2374.04 2132.74 2099.26 2099.08 2094.11 1976.32 1922.81 1728.72 1713.16 1677.2 1664.04
threshold=1.0000000180025095e-35 0.0027499999850988392 0.35196907818317419 0.36249999701976782 0.070038124918937697 0.0057500000111758718 0.0037500001490116124 0.20195706188678744 0.037500000558793552 0.00095800877898000192 0.90000000596046459 0.31021194159984594 1.0000000180025095e-35 0.30000000447034841 0.36249999701976782 0.1669999957084656 0.0032500000670552258 0.047500001266598708 0.5000000149011613 -0.0015138596645556388 0.087500002235174193 0.062500001862645163 0.0054097690153867015 0.81250000000000011 0.70000001788139354 0.33749999105930334 0.98750001192092907 1.0000000180025095e-35 0.17750000208616259 0.070038124918937697
decision_type=2 2 2 2 2 2 2 2 2 2 2 2 2 2 2 2 2 2 2 2 2 2 2 2 2 2 2 2 2 2
left_child=1 10 6 4 -3 18 24 15 9 -9 29 13 28 -6 -7 16 17 -8 23 21 -10 -15 -22 -4 25 -2 -14 -23 -5 -1
right_child=2 3 5 12 11 14 7 8 20 -11 -12 -13 26 19 -16 -17 -18 -19 -20 -21 22 27 -24 -25 -26 -27 -28 -29 -30 -31
leaf_value=0.36161141866783675 0.17323036616095389 0.17155159130453107 0.0082893907509546862 0.022129573872002747 0.097708136194089829 0.016618786449063054 0.21159414028494178 0.1821869158692597 0.23591203592466742 0.067746934567897849 0.20942392004696303 -0.030623859367754937 0.13773485309975075 -0.030894779576553507 0.13128651743579903 0.22249239877373395 0.2296391955204205 0.1546398542699968 0.19320619704955727 -0.009083269233282296 0.18869565644711794 0.0182805145462538 0.086806883899941165 0.23739784540127618 0.2279518542915987 0.22505527618126997 0.27608708328519993 0.087702011338863711 0.19201822429636639 0.085353453266574023
leaf_weight=57.275195278227329 3460.3316888846457 822.89130015671253 354.42178915441036 1136.3787511177361 1028.4924831688404 1565.2715095244348 4306.013144351542 2497.1949414238334 1879.9244447238743 2664.2167010754347 6050.0974508523941 9646.436107698828 1338.2032430171967 919.21085774153471 929.05596295744181 25925.841921344399 5850.0927639491856 6181.9831995554268 2519.6388185508549 7931.4679930098355 2603.8616586439312 1733.7915793210268 627.58605103939772 138.70004554092884 55863.350852251053 3713.4650719687343 271.70243380963802 1823.260505668819 166.47778470441699 1096.5850229933858
leaf_count=228 11315 4790 5433 17685 16936 27201 6446 10714 6079 27736 13947 218473 14451 19275 7196 31252 6908 20264 8700 166900 10942 35101 5079 416 21380 3965 1675 33392 1705 9987
internal_value=0.175233 0.0510062 0.210139 0.0131978 0.00156597 0.12179 0.214349 0.201834 0.158168 0.123118 0.191754 -0.0044947 0.108659 0.0142646 0.0593323 0.212448 0.196508 0.178025 0.173496 0.00734716 0.193558 0.0364597 0.168911 0.0727656 0.224778 0.20006 0.1611 0.0538658 0.0438509 0.0990965
internal_weight=155103 34022.3 121081 26818.3 23905.6 5507.09 115574 52536.7 10272.8 5161.41 7203.96 23082.7 2912.76 13436.2 2494.33 42263.9 16338.1 10488 3012.76 12407.7 5111.37 4476.26 3231.45 493.122 63037.1 7173.8 1609.91 3557.05 1302.86 1153.86
internal_count=765571 554545 211026 530383 494867 48946 162080 125420 60550 38450 24162 490077 35516 271604 34397 64870 33618 26710 14549 254668 22100 87768 16021 5849 36660 15280 16126 68493 19390 10215
is_linear=0
shrinkage=0.05


Tree=4
num_leaves=31
num_cat=0
split_feature=21 0 1 8 11 0 8 11 1 8 26 22 11 11 7 1 25 33 8 4 33 25 11 8 22 0 8 0 22 33
split_gain=189349 55612.3 16547.2 12716.5 8441.12 8196.76 7251.22 5132.81 4128.06 4589.5 3788.33 2977.56 3090.46 2265.99 2233.35 2076.07 2040.93 2020.68 2429.9 1991.28 2393.58 2005.72 1964.26 1928.44 1800.84 1780.78 1717.37 1717.61 1566.58 1443.27
threshold=1.0000000180025095e-35 0.0037500001490116124 0.70000001788139354 0.30418127775192266 0.36249999701976782 0.0037500001490116124 0.06392937153577806 0.91249999403953563 0.70000001788139354 0.18228240311145785 0.06749999895691873 0.027750000357627872 0.61250001192092907 0.062500001862645163 0.70122703909873974 0.70000001788139354 0.0028082153294235472 1.0000000180025095e-35 0.10795944929122926 0.30000000447034841 1.0000000180025095e-35 0.00064375149668194364 0.38750000298023229 0.070038124918937697 0.077250000089406981 0.0027499999850988392 0.17210470885038379 0.0047499998472630986 0.035749999806284911 1.0000000180025095e-35
decision_type=2 2 2 2 2 2 2 2 2 2 2 2 2 2 2 2 2 2 2 2 2 2 2 2 2 2 2 2 2 2
left_child=1 2 22 8 6 15 -3 24 9 17 13 12 16 -8 26 -5 -11 -2 -19 20 -15 -21 23 -1 -7 -4 -10 -28 -29 -6
right_child=3 4 25 5 29 7 10 -9 14 11 -12 -13 -14 19 -16 -17 -18 18 -20 21 -22 -23 -24 -25 -26 -27 27 28 -30 -31
leaf_value=0.19102151898983932 0.18603181014867748 0.16163797358334173 0.1702597864124446 0.090473392697713206 0.061340733396418851 0.04454250506746231 -0.036781876687391836 0.17934686431437175 0.17946351178192282 0.10395086912012148 -0.026028984348369529 0.1606434167583054 0.17306927599576366 -0.046432122396304565 0.19009136004948363 0.18570699853159681 0.0087175163215299275 0.17179039574852339 0.11652527201706997 0.054259761263178066 0.17929105232430398 -0.0055185558320060696 0.14174034134716818 -0.00021744139262254984 0.14551075152497953 0.25592948742597194 0.24686341533241435 0.10829552587889253 0.16793807009420608 0.1369516078671619
leaf_weight=140.96015129238367 15845.103305906057 633.55039490759373 7413.5717951655388 672.66462009400129 1882.9748894870281 3835.7914050370455 1527.579342585057 1050.6812352016568 15370.956729233265 1294.0492385551333 13485.786500930786 3369.6819848567247 874.07743673026562 161.0040654912591 73580.573458336294 3845.5903405174613 995.26534663885832 7821.0423220694065 2668.6256808787584 2599.539692401886 433.65259418264031 3048.9164543040097 339.17728902772069 2013.2264037579298 499.0129402987659 661.05491237714887 382.4390346929431 2337.8312156349421 2082.7082918956876 949.48976248130202
leaf_count=764 15740 2182 15617 5733 22891 50783 33591 3179 18234 6545 301631 10245 2173 3376 39062 4069 10921 10263 9763 48791 5301 66686 2734 37683 5007 3544 362 13514 5433 9754
internal_value=0.149749 0.0465092 0.14251 0.176436 0.00547197 0.12187 -0.00503769 0.0802031 0.180703 0.165453 -0.0100062 0.127937 0.0930928 0.0178008 0.18605 0.171531 0.0625509 0.17476 0.157732 0.0311566 0.118179 0.0219932 0.029917 0.0123047 0.0561688 0.177276 0.171307 0.1452 0.136399 0.0866907
internal_weight=171817 35290.5 10568 136526 24722.5 9903.74 21890 5385.49 126622 32867.8 21256.5 6533.07 3163.39 7770.69 93754.5 4518.25 2289.31 26334.8 10489.7 6243.11 594.657 5648.46 2493.36 2154.19 4334.8 8074.63 20173.9 4802.98 4420.54 2832.46
internal_count=765571 554545 60342 211026 494203 68771 461558 58969 142255 65650 459376 29884 19639 157745 76605 9802 17466 35766 20026 124154 8677 115477 41181 38447 55790 19161 37543 19309 18947 32645
is_linear=0
shrinkage=0.05


Tree=5
num_leaves=31
num_cat=0
split_feature=21 0 1 8 0 11 8 11 0 9 11 25 30 25 32 33 1 11 32 32 33 11 33 33 9 8 8 8 22 8
split_gain=141685 45453 12451.4 9988.91 7804.2 7047.76 5834.18 4432.09 3430.21 4262.67 4147.68 7700.03 2890.41 2870.57 2371.13 2320.96 2194.22 1680.62 1747.72 1652.35 1648.58 1639.56 1584.19 1579.29 1825.46 1517.09 1266.56 1241.71 1232.88 1292.46
threshold=1.0000000180025095e-35 0.0037500001490116124 0.70000001788139354 0.28803615272045141 0.0037500001490116124 0.33749999105930334 0.078228741884231581 0.48749999701976782 0.0037500001490116124 0.042500000447034843 0.46249999105930334 0.0047683389857411393 0.1737078279256821 -1.0000000180025095e-35 1.0000000180025095e-35 1.0000000180025095e-35 0.70000001788139354 0.062500001862645163 1.0000000180025095e-35 1.0000000180025095e-35 1.0000000180025095e-35 0.38750000298023229 1.0000000180025095e-35 1.0000000180025095e-35 0.16250000149011615 0.16426217555999759 0.070038124918937697 0.42154140770435339 0.020250000059604648 0.11286671459674837
decision_type=2 2 2 2 2 2 2 2 2 2 2 2 2 2 2 2 2 2 2 2 2 2 2 2 2 2 2 2 2 2
left_child=1 2 21 8 16 6 15 13 -2 28 11 14 17 20 22 -3 -5 -8 -19 23 27 26 -11 24 -7 -13 -1 -6 29 -10
right_child=3 5 -4 4 7 19 12 -9 9 10 -12 25 -14 -15 -16 -17 -18 18 -20 -21 -22 -23 -24 -25 -26 -27 -28 -29 -30 -31
leaf_value=0.14723124818932004 0.16431557482601694 -0.031053290552925245 0.15191085465044307 0.07608911602586077 0.19684390475945213 -0.036074689909884605 -0.037950248731883712 0.13096363613053238 0.15476468076071206 0.13684293718225948 0.1636316270293415 0.091687393547978557 -0.026748459990617781 0.013192145718616061 0.15745249198214631 0.12278216800269078 0.16349533675509109 -0.0034534919874852459 0.051927041043812044 0.10398525588689503 0.051703222426301522 0.12245607044493506 0.081653370271272951 0.10703694011817738 0.137201786088435 0.035502113563957598 -0.00087860323932304667 0.066676588484285287 0.16750964847984953 0.11437565177860234
leaf_weight=155.45510837435722 74023.826589390635 310.69448496773839 9093.9610094949603 829.7473711669445 496.78165381029248 801.29523565247655 1311.2165371216834 2272.1552645042539 13950.806749537587 3146.956462085247 7564.0003392547369 2581.0290709659457 12985.208099536598 2733.9581560157239 7606.0396201685071 1162.1360280252993 5344.6838082075119 2789.6814410164952 2911.2464345060289 1850.8197727277875 981.81675532087684 379.67980119585991 2216.8974858745933 483.66325114294887 187.4723414555192 2248.082479134202 2002.7061324901879 290.45660559460521 20307.347979694605 2310.2660674378276
leaf_count=776 32499 5825 19148 6380 3064 13356 29246 9888 13816 6250 11088 8231 302169 38855 14967 8597 4585 57953 51947 17363 9531 2717 10949 5895 1887 17740 37719 3843 14041 5057
internal_value=0.131431 0.0430388 0.124583 0.153053 0.111091 0.00478214 -0.00570593 0.0740341 0.15705 0.148366 0.132613 0.11943 -0.0127796 0.0453059 0.139498 0.0903306 0.151751 0.0130883 0.0248276 0.0725395 0.0949322 0.0266552 0.114035 0.0330083 -0.00321057 0.0655329 0.00979627 0.148832 0.159291 0.149027
internal_weight=185330 36425.2 11631.8 148905 12949.6 24793.4 21470.2 6775.17 135955 61931.4 25363 17799 19997.4 4503.01 12969.9 1472.83 6174.43 7012.14 5700.93 3323.25 1769.06 2537.84 5363.85 1472.43 988.768 4829.11 2158.16 787.238 36568.4 16261.1
internal_count=765382 554598 60360 210784 76146 494238 455737 65181 134638 102139 69225 58137 441315 55293 32166 14422 10965 139146 109900 38501 16438 41212 17199 21138 15243 25971 38495 6907 32914 18873
is_linear=0
shrinkage=0.05


end of trees

feature_importances:
Column_11=30
Column_8=29
Column_0=26
Column_1=20
Column_25=17
Column_33=13
Column_21=10
Column_32=8
Column_22=7
Column_9=4
Column_30=4
Column_4=3
Column_26=3
Column_20=2
Column_3=1
Column_7=1
Column_15=1
Column_29=1

parameters:
[boosting: gbdt]
[objective: binary]
[metric: binary_logloss,binary_error]
[tree_learner: serial]
[device_type: cpu]
[data_sample_strategy: bagging]
[data: ]
[valid: ]
[num_iterations: 400]
[learning_rate: 0.05]
[num_leaves: 31]
[num_threads: 0]
[seed: 0]
[deterministic: 1]
[force_col_wise: 0]
[force_row_wise: 0]
[histogram_pool_size: -1]
[max_depth: -1]
[min_data_in_leaf: 50]
[min_sum_hessian_in_leaf: 0.001]
[bagging_fraction: 0.9]
[pos_bagging_fraction: 1]
[neg_bagging_fraction: 1]
[bagging_freq: 5]
[bagging_seed: 3]
[bagging_by_query: 0]
[feature_fraction: 0.9]
[feature_fraction_bynode: 1]
[feature_fraction_seed: 2]
[extra_trees: 0]
[extra_seed: 6]
[early_stopping_round: 0]
[early_stopping_min_delta: 0]
[first_metric_only: 0]
[max_delta_step: 0]
[lambda_l1: 0]
[lambda_l2: 0.1]
[linear_lambda: 0]
[min_gain_to_split: 0]
[drop_rate: 0.1]
[max_drop: 50]
[skip_drop: 0.5]
[xgboost_dart_mode: 0]
[uniform_drop: 0]
[drop_seed: 4]
[top_rate: 0.2]
[other_rate: 0.1]
[min_data_per_group: 100]
[max_cat_threshold: 32]
[cat_l2: 10]
[cat_smooth: 10]
[max_cat_to_onehot: 4]
[top_k: 20]
[monotone_constraints: ]
[monotone_constraints_method: basic]
[monotone_penalty: 0]
[feature_contri: ]
[forcedsplits_filename: ]
[refit_decay_rate: 0.9]
[cegb_tradeoff: 1]
[cegb_penalty_split: 0]
[cegb_penalty_feature_lazy: ]
[cegb_penalty_feature_coupled: ]
[path_smooth: 0]
[interaction_constraints: ]
[verbosity: -1]
[saved_feature_importance_type: 0]
[use_quantized_grad: 0]
[num_grad_quant_bins: 4]
[quant_train_renew_leaf: 0]
[stochastic_rounding: 1]
[linear_tree: 0]
[max_bin: 255]
[max_bin_by_feature: ]
[min_data_in_bin: 3]
[bin_construct_sample_cnt: 200000]
[data_random_seed: 1]
[is_enable_sparse: 1]
[enable_bundle: 1]
[use_missing: 1]
[zero_as_missing: 0]
[feature_pre_filter: 1]
[pre_partition: 0]
[two_round: 0]
[header: 0]
[label_column: ]
[weight_column: ]
[group_column: ]
[ignore_column: ]
[categorical_feature: ]
[forcedbins_filename: ]
[precise_float_parser: 0]
[parser_config_file: ]
[objective_seed: 5]
[num_class: 1]
[is_unbalance: 1]
[scale_pos_weight: 1]
[sigmoid: 1]
[boost_from_average: 1]
[reg_sqrt: 0]
[alpha: 0.9]
[fair_c: 1]
[poisson_max_delta_step: 0.7]
[tweedie_variance_power: 1.5]
[lambdarank_truncation_level: 30]
[lambdarank_norm: 1]
[label_gain: ]
[lambdarank_position_bias_regularization: 0]
[eval_at: ]
[multi_error_top_k: 1]
[auc_mu_weights: ]
[num_machines: 1]
[local_listen_port: 12400]
[time_out: 120]
[machine_list_filename: ]
[machines: ]
[gpu_platform_id: -1]
[gpu_device_id: -1]
[gpu_use_dp: 0]
[num_gpu: 1]

end of parameters

pandas_categorical:null
