tree
version=v4
num_class=1
num_tree_per_iteration=1
label_index=0
max_feature_idx=29
objective=binary sigmoid:1
feature_names=Column_0 Column_1 Column_2 Column_3 Column_4 Column_5 Column_6 Column_7 Column_8 Column_9 Column_10 Column_11 Column_12 Column_13 Column_14 Column_15 Column_16 Column_17 Column_18 Column_19 Column_20 Column_21 Column_22 Column_23 Column_24 Column_25 Column_26 Column_27 Column_28 Column_29
feature_infos=[0.0024999999441206455:0.60100001096725464] [0.20000000298023224:1] [0.3333333432674408:0.86981260776519775] [0:0.60350000858306885] [0.20000000298023224:1] [0.3333333432674408:0.86981260776519775] [0.0024999999441206455:0.4205000102519989] [0.66666668653488159:1] [0.014340083114802837:0.87384599447250366] [0.004999999888241291:0.40000000596046448] [0.26038503646850586:0.96886217594146729] [0:1] [0:1] [0:1] [0:0.89249998331069946] [0:0.37799999117851257] [0.0024999999441206455:1] [0:1] [-1:1] [0.02500000037252903:0.89999997615814209] [0:0.80000001192092896] [0:1] [0:0.66949999332427979] [0:0.22499999403953552] [0.004999999888241291:1] [-0.059617023915052414:0.089954808354377747] [0:1] [0:0.35550001263618469] [0:1] [0:1]
tree_sizes=3462 3485 3526 3519

Tree=0
num_leaves=31
num_cat=0
split_feature=21 8 0 0 0 8 29 1 11 8 22 11 22 21 29 8 25 11 1 29 25 11 25 1 25 8 11 0 25 21
split_gain=3.55759e+06 521368 360569 188357 167688 145382 55606 55541.5 45861.5 35687.8 27536.6 26274.5 26239.3 18070.4 16192.2 14384.2 16775.9 13054 11767.8 11483.2 17962.2 11078.1 13013.5 10422.3 9865.94 8276.66 7782.71 7689.56 6680.16 8032.69
threshold=1.0000000180025095e-35 0.27628357708454138 0.0027499999850988392 0.0027499999850988392 0.0027499999850988392 0.14563529193401339 1.0000000180025095e-35 0.5000000149011613 0.98750001192092907 0.06392937153577806 0.03024999983608723 0.46249999105930334 0.020250000059604648 0.037500000558793552 1.0000000180025095e-35 0.33351993560791021 0.001031528343446553 0.56250000000000011 0.30000000447034841 1.0000000180025095e-35 0.0022278296528384094 0.78749999403953563 0.0021596655715256934 0.30000000447034841 0.0018776946235448124 0.10795944929122926 0.51249998807907116 0.0072500000242143878 0.0024302587844431405 0.11250000074505807
decision_type=2 2 2 2 2 2 2 2 2 2 2 2 2 2 2 2 2 2 2 2 2 2 2 2 2 2 2 2 2 2
left_child=2 4 7 23 18 13 12 -1 15 -4 17 -11 21 14 -6 16 -5 24 -2 20 -9 22 -7 -3 -8 -16 -17 -13 -12 -30
right_child=1 3 9 8 5 6 10 19 -10 11 28 27 -14 -15 25 26 -18 -19 -20 -21 -22 -23 -24 -25 -26 -27 -28 -29 29 -31
leaf_value=-2.9019217872667018 -2.3499376356230779 -2.8082807186409751 -2.4008193234774531 -2.4956491125134654 -2.0886362913236556 -2.2962261268434139 -2.5668106837175428 -2.2216194582968654 -2.2984382213198229 -2.9970895980445196 -2.2719875954404287 -2.6185335739560234 -2.1519141857808375 -2.0338978752091745 -2.1993863833131981 -2.9221311157959549 -2.8415983419766602 -2.3996066417662822 -1.9591197313125619 -2.1633658053138456 -2.6450506194460517 -2.1564421999786587 -2.6352595044097309 -2.0720319040300219 -2.8662031193223605 -2.4060887921936169 -2.6716619379209643 -2.8644376923140964 -2.5997482033745802 -2.1590205524925827
leaf_weight=410.02268621325493 196.09977179765701 49.931973785161972 264.0362800359726 618.82086250185966 3666.0316619873047 483.94557312130928 409.11564853787422 628.97958239912987 470.70294293761253 23972.154943525791 656.91609188914299 516.55329245328903 2217.868438243866 6044.2628802657127 1847.1201512515545 2299.6826012134552 808.11793157458305 297.46031615138054 13117.006400763988 1198.9568939507008 416.59864372014999 306.03174024820328 682.76644650101662 1328.5260453224182 840.45353442430496 658.63945314288139 358.41270264983177 826.93879479169846 470.38549107313156 132.60770726203918
leaf_count=7901 1721 873 2573 7147 13994 3755 5278 3989 3672 505292 4795 7172 11132 16787 10937 45198 14646 2892 17796 6278 5994 1561 9697 4651 15625 6486 5338 15346 6363 682
internal_value=-2.49641 -2.18029 -2.92144 -2.61077 -2.10053 -2.19704 -2.38815 -2.36679 -2.76574 -2.979 -2.5559 -2.98503 -2.26058 -2.0954 -2.15564 -2.8196 -2.69155 -2.69726 -1.96487 -2.26904 -2.39028 -2.42427 -2.49458 -2.09869 -2.76815 -2.25369 -2.88835 -2.76987 -2.38236 -2.5027
internal_weight=66195.1 37960.9 28234.2 5934.2 32026.7 18713.6 6497.55 2654.56 4555.74 25579.7 2806.94 25315.6 3690.61 12216.1 6171.79 4085.03 1426.94 1547.03 13313.1 2244.54 1045.58 1472.74 1166.71 1378.46 1249.57 2505.76 2658.1 1343.49 1259.91 602.993
internal_count=765571 211026 554545 81525 129501 109984 61780 24162 76001 530383 35635 527810 26145 48204 31417 72329 21793 23795 19517 16261 9983 15013 13452 5524 20903 17423 50536 22518 11840 7045
is_linear=0
shrinkage=1


Tree=1
num_leaves=31
num_cat=0
split_feature=21 0 8 0 8 11 1 8 11 1 21 1 25 0 8 22 0 1 11 25 25 8 0 25 0 20 3 0 1 0
split_gain=811196 158264 63730.9 32047.7 21948.8 17062.3 14850.4 17725.5 14399.6 13292.2 9763.28 8768.39 8485.28 7469.43 11018.4 7786.15 5361.66 28446.9 5240.16 5824.16 3943.21 3868.37 3763.26 3695 3682.56 4297.02 3514.06 3461.54 3689.45 4897.05
threshold=1.0000000180025095e-35 0.0027499999850988392 0.30601163208484655 0.0037500001490116124 0.072667650878429427 0.36249999701976782 0.70000001788139354 0.16738745570182803 0.53749999403953563 0.30000000447034841 0.062500001862645163 0.70000001788139354 0.001423655776306987 0.0047499998472630986 0.18550575524568561 0.025249999947845939 0.0037500001490116124 0.70000001788139354 0.46249999105930334 0.005962138297036291 0.00021756425849162045 0.11390066891908647 0.0027499999850988392 -0.00020349663100205359 0.0097499997355043905 0.037500000558793552 0.0037500001490116124 0.0027499999850988392 0.90000000596046459 0.0037500001490116124
decision_type=2 2 2 2 2 2 2 2 2 2 2 2 2 2 2 2 2 2 2 2 2 2 2 2 2 2 2 2 2 2
left_child=1 9 6 11 26 16 7 18 20 -1 12 -4 -9 27 -15 -16 17 -6 19 -2 -5 -21 -13 -18 25 -7 -3 -8 29 -29
right_child=2 4 3 8 5 24 13 10 -10 -11 -12 22 -14 14 15 -17 23 -19 -20 21 -22 -23 -24 -25 -26 -27 -28 28 -30 -31
leaf_value=0.025765658744740367 0.37348176762751645 0.43075951081682756 0.15795231312853994 0.14599341397466969 -0.014497105156469167 0.36650541914995904 0.40035929218901067 0.30009465030643151 0.28811632585299224 0.35439299893253101 0.37871793515701507 0.3788918031409394 0.14304472448322655 0.38788199067457785 0.1947272470052428 0.34683025563457726 0.025436353583622402 0.52874880760851961 0.40992650151865861 0.31711591975483211 0.02508870937575107 0.1716265354083879 0.62735051865942704 -0.023618161138292199 0.071690153281622052 0.14510089391615327 0.20328562961231161 0.46914580153736402 0.47791390916585669 0.32061986931067388
leaf_weight=331.12870822846889 6248.5153323858976 257.77259403839707 462.37227634340525 1070.0709457844496 1368.4769676476717 290.49405970051885 30903.712417192757 1593.0829022750258 1022.0643617734313 4352.0686321109533 1242.0648864880204 1909.4312850683928 1869.8419622667134 12610.49798784405 1370.2449734658003 2181.9357727766037 5017.0996504090726 292.38445123657584 5281.6378633528948 2086.9394646286964 1823.5767714604735 585.46390979737043 165.82649675011635 16344.448955737054 1076.8352439664304 892.56507777795196 498.20398414880037 1098.7882697880268 3216.6677160635591 1123.9955744072795
leaf_count=6216 14819 1611 5651 16329 29224 2720 17530 8484 7840 17946 4819 3433 20725 27189 14119 10259 103334 3225 6068 6750 34064 4393 585 351870 19377 12906 6116 867 2421 4681
internal_value=0.281138 0.0635687 0.366977 0.216496 0.0154394 0.00750079 0.380575 0.342572 0.126792 0.331158 0.258448 0.354903 0.215301 0.39426 0.365968 0.288164 -0.00536859 0.0811641 0.370438 0.347054 0.0698028 0.28525 0.398775 -0.0120969 0.138601 0.199492 0.280896 0.406841 0.443655 0.394058
internal_weight=108588 30721.5 77866.7 6453.34 26038.3 25282.3 71413.4 18907.5 3915.71 4683.2 4704.99 2537.63 3462.92 52505.8 16162.7 3552.18 23022.4 1660.86 14202.6 8920.92 2893.65 2672.4 2075.26 21361.5 2259.89 1183.06 755.977 36343.2 5439.45 2222.78
internal_count=765571 554545 211026 67902 530383 522656 143124 66058 58233 24162 34028 9669 29209 77066 51567 24378 487653 32449 32030 25962 50393 11143 4018 455204 35003 15626 7727 25499 7969 5548
is_linear=0
shrinkage=0.05


Tree=2
num_leaves=31
num_cat=0
split_feature=21 0 8 8 0 11 0 8 22 11 1 25 11 1 11 11 28 25 4 29 9 29 28 11 28 1 11 28 29 29
split_gain=423986 101417 28921 15048.2 13670.5 13508.8 7264.19 13261.3 9187.14 7035.89 6756.58 6244.44 5199.79 5086.94 4431.86 4387 4365.38 4294.68 4766.64 5620.72 3629.53 4604.86 4906.15 3074.41 3006.82 2776.47 3128.06 2688.69 2507.81 2473.03
threshold=1.0000000180025095e-35 0.0027499999850988392 0.32074852287769323 0.072667650878429427 0.0057500000111758718 0.43750000000000006 0.0037500001490116124 0.20018469542264941 0.032749999314546592 0.43750000000000006 0.30000000447034841 0.0031553750159218912 0.33749999105930334 0.70000001788139354 0.48749999701976782 0.062500001862645163 1.0000000180025095e-35 0.0012662451481446626 0.30000000447034841 1.0000000180025095e-35 0.042500000447034843 1.0000000180025095e-35 1.0000000180025095e-35 0.51249998807907116 1.0000000180025095e-35 0.70000001788139354 0.38750000298023229 1.0000000180025095e-35 1.0000000180025095e-35 1.0000000180025095e-35
decision_type=2 2 2 2 2 2 2 2 2 2 2 2 2 2 2 2 2 2 2 2 2 2 2 2 2 2 2 2 2 2
left_child=1 10 6 28 13 15 25 20 9 11 -1 -9 -6 14 -4 -5 29 27 19 -19 -8 -22 23 -23 -10 26 -2 -17 -3 -7
right_child=2 3 4 5 12 16 7 8 24 -11 -12 -13 -14 -15 -16 17 -18 18 -20 -21 21 22 -24 -25 -26 -27 -28 -29 -30 -31
leaf_value=0.023905542814771683 0.2169555776266382 0.030936097569774869 0.038369576176918198 -0.038125753172464846 0.035805687377808926 0.00058867308741720158 0.27961715327918929 0.16407377175757901 0.18994942161529149 0.24695798165769758 0.25369038295184093 0.013878797951835237 0.1710062013828833 0.26282044534011734 0.26674966469492495 0.011156796255602487 0.20531369662878252 -0.042089059515738311 -0.018270558600169767 0.18102261824248289 0.26676993961751155 0.10980055851549031 0.26789724816359184 0.25683204190231074 0.28135982637349205 0.28759334607576437 0.28938707542600367 0.081374063314005277 0.24538311265111321 0.17370736924788008
leaf_weight=338.84986364096403 3140.5866645760834 164.58694714307785 555.47323782742023 6611.8092908374965 1936.5879712700844 644.89327947050333 24478.728615615517 1678.3306405954063 1345.386934325099 1187.6862305738032 5729.0720437243581 1177.5601978302002 1123.8445344306529 2734.4090174660087 343.91001772880554 2713.6415419653058 1011.2141885720193 482.20909296348691 10318.053955372423 680.65215432271361 7383.9720817059278 1487.3793606832623 1388.3237844966352 467.27166989818215 2721.4909239411354 46057.300408445299 2841.3887833207846 2739.6759321019053 794.89081731438637 303.21948651596904
leaf_count=6216 11224 2274 8784 145047 33439 9778 32801 12060 7110 6038 17946 16354 10006 7874 1684 55055 11159 10697 223370 11942 15187 11674 3168 1424 8625 20449 3125 52113 5453 3495
internal_value=0.213676 0.0564957 0.263784 0.0142237 0.163319 0.00691058 0.270836 0.255707 0.198061 0.144686 0.240859 0.102147 0.0854577 0.228891 0.125718 -0.00358647 0.133052 0.00989921 -0.00745464 0.0885082 0.268986 0.244724 0.196022 0.144961 0.251125 0.283429 0.251364 0.0464339 0.208604 0.0559669
internal_weight=134582 32532.8 102050 26464.8 6694.22 25505.4 95355.4 43316.1 8110.45 4043.58 6067.92 2855.89 3060.43 3633.79 899.383 23546 1959.33 16934.2 11480.9 1162.86 35205.7 10726.9 3342.97 1954.65 4066.88 52039.3 5981.98 5453.32 959.478 948.113
internal_count=765571 554545 211026 530383 61787 522656 149239 114441 50187 34452 24162 28414 43445 18342 10468 498224 24432 353177 246009 22639 64254 31453 16266 13098 15735 34798 14349 107168 7727 13273
is_linear=0
shrinkage=0.05


Tree=3
num_leaves=31
num_cat=0
split_feature=21 6 1 8 11 8 6 6 8 22 11 11 25 28 11 28 5 25 27 15 25 8 8 11 29 1 11 9 29 29
split_gain=269059 71280.4 23429.1 18013.7 10320.5 8917.74 7032.24 5961.35 9807.43 6351.69 5095.24 5025.22 4715.94 3625.28 3496.4 3652.44 4106.63 3019.1 2881.92 4652.24 3248.02 3417.63 2485.97 2496.41 2136.86 2015.66 1996.09 1754.45 2178.73 1743.73
threshold=1.0000000180025095e-35 0.0027499999850988392 0.70000001788139354 0.35196907818317419 0.36249999701976782 0.06392937153577806 0.0027499999850988392 0.0027499999850988392 0.20195706188678744 0.032749999314546592 0.46249999105930334 0.36249999701976782 0.0028658601222559814 1.0000000180025095e-35 0.087500002235174193 1.0000000180025095e-35 0.44885785877704626 0.00087712853564880799 0.0042499999981373557 0.16899999976158145 0.0032081736717373137 0.13230365514755252 0.070038124918937697 0.38750000298023229 1.0000000180025095e-35 0.70000001788139354 0.33749999105930334 0.17750000208616259 1.0000000180025095e-35 1.0000000180025095e-35
decision_type=2 2 2 2 2 2 2 2 2 2 2 2 2 2 2 2 2 2 2 2 2 2 2 2 2 2 2 2 2 2
left_child=1 2 22 7 5 -3 -5 25 18 10 12 -8 -10 27 -7 24 -17 -18 19 20 -9 -22 -1 -24 -16 26 29 28 -6 -2
right_child=3 4 -4 6 13 14 11 8 9 -11 -12 -13 -14 -15 15 16 17 -19 -20 -21 21 -23 23 -25 -26 -27 -28 -29 -30 -31
leaf_value=0.24647411849578835 0.2028108950841607 0.19164174561489841 0.21336696549902689 0.18978790754016045 -0.038608269053716872 -0.035408603037074084 0.024372877541556884 0.21791071560807229 0.13426655804469795 0.19684829824123684 0.19262033854708352 0.15125122735539151 0.016495972329441385 0.15522344985900591 -0.040996750358402501 0.15562402590528843 0.069325994875306662 -0.0068142646711478599 0.23376267939412801 0.21894627959312354 0.1759979867923365 0.089608511380412509 0.00064248360062808222 0.1555897382827244 0.018114327498740944 0.22792492009943152 0.22527253682237858 0.20705031674705912 0.11049689820574429 0.1310395810152703
leaf_weight=128.95442317426205 2004.9549460299313 561.06287212669849 7068.1313769035041 2249.2360948696733 680.26470365002751 8402.8268957287073 1962.1116631813347 3490.6695287004113 2007.1989926248789 5209.8944201953709 1581.6461424082518 1295.7403676770627 1474.4445085003972 1393.5277528576553 4278.4689210578799 617.76137826964259 2006.6514393799007 3706.8136269524693 11626.479617081583 19778.096595857292 5934.3895993679762 1418.8992955796421 1986.8607495352626 298.97934210300446 2378.9410789199173 55868.387264274061 3710.6160560250282 133.93504973128438 382.76391527429223 1465.9871249347925
leaf_count=816 4492 2182 19161 6826 11857 188410 33143 6066 13797 19325 6816 8977 20612 14802 95341 8930 35785 81503 12613 24925 12395 8871 37683 2682 49407 21380 3965 1335 4651 6823
internal_value=0.175232 0.051007 0.16743 0.210143 0.00602292 -0.0051152 0.12179 0.214353 0.201909 0.158089 0.118204 0.0748391 0.0843937 0.100407 -0.0102767 0.00598222 0.0331707 0.019928 0.212563 0.204514 0.178189 0.15933 0.0329699 0.0209149 -0.0198742 0.224718 0.199771 0.0365808 0.0150853 0.172502
internal_weight=155105 34025.9 9482.93 121079 24543 21952.5 5507.09 115572 52521.7 10273.2 5063.29 3257.85 3481.64 2590.49 21391.5 12988.6 6331.23 5713.47 42248.5 30622.1 10844 7353.29 2414.79 2285.84 6657.41 63049.9 7181.56 1196.96 1063.03 3470.94
internal_count=765571 554545 60342 211026 494203 461558 48946 162080 125420 60550 41225 42120 34409 32645 459376 270966 126218 117288 64870 52257 27332 21266 41181 40365 144748 36660 15280 17843 16508 11315
is_linear=0
shrinkage=0.05


end of trees

feature_importances:
Column_11=21
Column_8=18
Column_0=15
Column_25=14
Column_1=13
Column_29=10
Column_21=7
Column_28=6
Column_22=5
Column_6=3
Column_9=2
Column_3=1
Column_4=1
Column_5=1
Column_15=1
Column_20=1
Column_27=1

parameters:
[boosting: gbdt]
[objective: binary]
[metric: binary_logloss,binary_error]
[tree_learner: serial]
[device_type: cpu]
[data_sample_strategy: bagging]
[data: ]
[valid: ]
[num_iterations: 400]
[learning_rate: 0.05]
[num_leaves: 31]
[num_threads: 0]
[seed: 0]
[deterministic: 1]
[force_col_wise: 0]
[force_row_wise: 0]
[histogram_pool_size: -1]
[max_depth: -1]
[min_data_in_leaf: 50]
[min_sum_hessian_in_leaf: 0.001]
[bagging_fraction: 0.9]
[pos_bagging_fraction: 1]
[neg_bagging_fraction: 1]
[bagging_freq: 5]
[bagging_seed: 3]
[bagging_by_query: 0]
[feature_fraction: 0.9]
[feature_fraction_bynode: 1]
[feature_fraction_seed: 2]
[extra_trees: 0]
[extra_seed: 6]
[early_stopping_round: 0]
[early_stopping_min_delta: 0]
[first_metric_only: 0]
[max_delta_step: 0]
[lambda_l1: 0]
[lambda_l2: 0.1]
[linear_lambda: 0]
[min_gain_to_split: 0]
[drop_rate: 0.1]
[max_drop: 50]
[skip_drop: 0.5]
[xgboost_dart_mode: 0]
[uniform_drop: 0]
[drop_seed: 4]
[top_rate: 0.2]
[other_rate: 0.1]
[min_data_per_group: 100]
[max_cat_threshold: 32]
[cat_l2: 10]
[cat_smooth: 10]
[max_cat_to_onehot: 4]
[top_k: 20]
[monotone_constraints: ]
[monotone_constraints_method: basic]
[monotone_penalty: 0]
[feature_contri: ]
[forcedsplits_filename: ]
[refit_decay_rate: 0.9]
[cegb_tradeoff: 1]
[cegb_penalty_split: 0]
[cegb_penalty_feature_lazy: ]
[cegb_penalty_feature_coupled: ]
[path_smooth: 0]
[interaction_constraints: ]
[verbosity: -1]
[saved_feature_importance_type: 0]
[use_quantized_grad: 0]
[num_grad_quant_bins: 4]
[quant_train_renew_leaf: 0]
[stochastic_rounding: 1]
[linear_tree: 0]
[max_bin: 255]
[max_bin_by_feature: ]
[min_data_in_bin: 3]
[bin_construct_sample_cnt: 200000]
[data_random_seed: 1]
[is_enable_sparse: 1]
[enable_bundle: 1]
[use_missing: 1]
[zero_as_missing: 0]
[feature_pre_filter: 1]
[pre_partition: 0]
[two_round: 0]
[header: 0]
[label_column: ]
[weight_column: ]
[group_column: ]
[ignore_column: ]
[categorical_feature: ]
[forcedbins_filename: ]
[precise_float_parser: 0]
[parser_config_file: ]
[objective_seed: 5]
[num_class: 1]
[is_unbalance: 1]
[scale_pos_weight: 1]
[sigmoid: 1]
[boost_from_average: 1]
[reg_sqrt: 0]
[alpha: 0.9]
[fair_c: 1]
[poisson_max_delta_step: 0.7]
[tweedie_variance_power: 1.5]
[lambdarank_truncation_level: 30]
[lambdarank_norm: 1]
[label_gain: ]
[lambdarank_position_bias_regularization: 0]
[eval_at: ]
[multi_error_top_k: 1]
[auc_mu_weights: ]
[num_machines: 1]
[local_listen_port: 12400]
[time_out: 120]
[machine_list_filename: ]
[machines: ]
[gpu_platform_id: -1]
[gpu_device_id: -1]
[gpu_use_dp: 0]
[num_gpu: 1]

end of parameters

pandas_categorical:null
